128 0 0.00187945
128 1 0.00198221
128 2 0.00110245
128 4 0.000715256
128 8 0.000635862
128 16 0.000640154
256 0 0.0131032
256 1 0.0137076
256 2 0.00736856
256 4 0.00396705
256 8 0.00363278
256 16 0.00218701
512 0 0.106753
512 1 0.101007
512 2 0.0545382
512 4 0.0275438
512 8 0.0234981
512 16 0.012435
1024 0 0.740307
1024 1 0.649621
1024 2 0.373106
1024 4 0.178033
1024 8 0.126356
1024 16 0.0849133
2048 0 4.62991
2048 1 4.60916
2048 2 2.62459
2048 4 1.25776
2048 8 0.77632
2048 16 0.497418
3096 0 18.3848
3096 1 18.6595
3096 2 7.84268
3096 4 4.10912
3096 8 2.3666
3096 16 1.30467
